2 -nan -nan -nan -4 1
4.000000 0.000000 0.000000 0.000000 0 0
6.000000 0.000000 0.000000 0.000000 0 0
8.000000 0.000000 0.000000 0.000000 0 0
10.000000 0.000000 0.000000 0.000000 0 0
12.000000 0.000000 0.000000 0.000000 0 0
14.000000 0.000000 0.000000 0.000000 0 0
16.000000 0.000000 0.000000 0.000000 0 0
18.000000 0.000000 0.000000 0.000000 0 0
20.000000 0.000000 0.000000 0.000000 0 0
22.000000 0.000000 0.000000 0.000000 0 0
24.000000 0.000000 0.000000 0.000000 0 0
26.000000 0.000000 0.000000 0.000000 0 0
28.000000 0.000000 0.000000 0.000000 0 0
30.000000 0.000000 0.000000 0.000000 0 0
32.000000 0.000000 0.000000 0.000000 0 0
34.000000 -0.326087 -0.809915 0.157741 0 -1
36.000000 0.000000 0.000000 0.000000 0 0
38.000000 0.000000 0.000000 0.000000 0 0
40.000000 0.000000 0.000000 0.000000 0 0
42.000000 -0.077519 -0.159232 0.004193 0 0
44.000000 0.000000 0.000000 0.000000 0 0
46.000000 -0.317460 -1.266322 0.631401 0 -3
48.000000 -1.089981 -3.252310 1.072347 0 -6
50.000000 0.000000 0.000000 0.000000 0 0
52.000000 -0.648940 -1.532098 0.234218 0 -2
54.000000 -0.405655 -1.360853 0.549543 0 -3
56.000000 -0.636088 -1.497947 0.225770 0 -2
58.000000 -0.618557 -2.516024 1.278911 0 -6
60.000000 -0.943705 -2.221460 0.334050 0 -3
62.000000 -0.418086 -1.104416 0.268244 0 -2
64.000000 -0.463870 -1.160571 0.232831 0 -2
66.000000 -0.476427 -1.443166 0.490313 0 -3
68.000000 -0.454545 -1.720763 0.811672 0 -4
70.000000 -1.343617 -3.026653 0.339419 0 -5
72.000000 -1.692771 -4.870324 1.484783 0 -8
74.000000 -0.411115 -1.096151 0.273920 0 -2
76.000000 -1.311603 -5.108159 2.484953 0 -12
78.000000 -0.448948 -0.945575 0.047680 0 -1
80.000000 -1.428863 -3.540307 0.682582 0 -6
82.000000 -0.890834 -2.398745 0.617078 0 -4
84.000000 -1.081855 -2.465518 0.301808 0 -4
86.000000 -1.241274 -2.893953 0.411405 0 -4
88.000000 -0.839405 -1.837912 0.159102 0 -3
90.000000 -0.779387 -2.276162 0.717388 0 -4
92.000000 -2.156000 -5.322551 1.010550 0 -9
94.000000 -2.473078 -5.641423 0.695268 0 -9
96.000000 -2.007271 -5.749368 1.734826 0 -12
98.000000 -0.493827 -1.762599 0.774945 0 -4
100.000000 -1.439067 -3.755516 0.877381 0 -6
