1 -nan -nan
1.100000 -nan -nan
1.200000 -nan -nan
1.300000 -nan -nan
1.400000 -nan -nan
1.500000 -nan -nan
1.600000 -nan -nan
1.700000 -nan -nan
1.800000 -nan -nan
1.900000 -nan -nan
2.000000 -nan -nan
2.100000 -nan -nan
2.200000 -nan -nan
2.300000 -nan -nan
2.400000 -nan -nan
2.500000 -nan -nan
2.600000 -nan -nan
2.700000 -nan -nan
2.800000 -nan -nan
2.900000 -nan -nan
3.000000 0.000000 0.000000
3.100000 0.000000 0.000000
3.200000 0.000000 0.000000
3.300000 0.000000 0.000000
3.400000 0.000000 0.000000
3.500000 0.000000 0.000000
3.600000 0.000000 0.000000
3.700000 0.000000 0.000000
3.800000 0.000000 0.000000
3.900000 0.000000 0.000000
4.000000 0.000000 0.000000
4.100000 0.000000 0.000000
4.200000 0.000000 0.000000
4.300000 0.000000 0.000000
4.400000 0.000000 0.000000
4.500000 0.000000 0.000000
4.600000 0.000000 0.000000
4.700000 0.000000 0.000000
4.800000 0.000000 0.000000
4.900000 0.000000 0.000000
5.000000 0.000000 0.000000
5.100000 0.000000 0.000000
5.200000 0.000000 0.000000
5.300000 0.000000 0.000000
5.400000 0.000000 0.000000
5.500000 0.000000 0.000000
5.600000 0.000000 0.000000
5.700000 0.000000 0.000000
5.800000 0.000000 0.000000
5.900000 0.000000 0.000000
6.000000 0.000000 -33.333332
6.100000 0.000000 -33.333332
6.200000 0.000000 -33.333332
6.300000 0.000000 -33.333332
6.400000 0.000000 -33.333332
6.500000 0.000000 -33.333332
6.600000 0.000000 -33.333332
6.700000 0.000000 -33.333332
6.800000 0.000000 -33.333332
6.900000 0.000000 -33.333332
7.000000 0.000000 -33.333332
7.100000 0.000000 -33.333332
7.200000 0.000000 -33.333332
7.300000 0.000000 -33.333332
7.400000 0.000000 -33.333332
7.500000 0.000000 -33.333332
7.600000 0.000000 -33.333332
7.700000 0.000000 -33.333332
7.800000 0.000000 -33.333332
7.900000 0.000000 -33.333332
8.000000 0.000000 -28.571428
8.100000 0.000000 -28.571428
8.200000 0.000000 -28.571428
8.300000 0.000000 -28.571428
8.400000 0.000000 -28.571428
8.500000 0.000000 -28.571428
8.600000 0.000000 -28.571428
8.700000 0.000000 -28.571428
8.800000 0.000000 -28.571428
8.900000 0.000000 -28.571428
9.000000 0.000000 -33.333332
9.100000 0.000000 -33.333332
9.200000 0.000000 -33.333332
9.300000 0.000000 -33.333332
9.400000 0.000000 -33.333332
9.500000 0.000000 -33.333332
9.600000 0.000000 -33.333332
9.700000 0.000000 -33.333332
9.800000 0.000000 -33.333332
9.900000 0.000000 -33.333332
10.000000 0.000000 -40.000000
10.100000 0.000000 -40.000000
10.200000 0.000000 -40.000000
10.300000 0.000000 -40.000000
10.400000 0.000000 -40.000000
10.500000 0.000000 -40.000000
10.600000 0.000000 -40.000000
10.700000 0.000000 -40.000000
10.800000 0.000000 -40.000000
10.900000 0.000000 -40.000000
11.000000 0.000000 -50.000000
11.100000 0.000000 -50.000000
11.200000 0.000000 -50.000000
11.300000 0.000000 -50.000000
11.400000 0.000000 -50.000000
11.500000 0.000000 -50.000000
11.600000 0.000000 -50.000000
11.700000 0.000000 -50.000000
11.800000 0.000000 -50.000000
11.900000 0.000000 -50.000000
12.000000 0.000000 -46.666668
12.100000 0.000000 -46.666668
12.200000 0.000000 -46.666668
12.300000 0.000000 -46.666668
12.400000 0.000000 -46.666668
12.500000 0.000000 -46.666668
12.600000 0.000000 -46.666668
12.700000 0.000000 -46.666668
12.800000 0.000000 -46.666668
12.900000 0.000000 -46.666668
13.000000 0.000000 -42.105263
13.100000 0.000000 -42.105263
13.200000 0.000000 -42.105263
13.300000 0.000000 -42.105263
13.400000 0.000000 -42.105263
13.500000 0.000000 -42.105263
13.600000 0.000000 -42.105263
13.700000 0.000000 -42.105263
13.800000 0.000000 -42.105263
13.900000 0.000000 -42.105263
14.000000 0.000000 -59.090908
14.100000 0.000000 -59.090908
14.200000 0.000000 -59.090908
14.300000 0.000000 -59.090908
14.400000 0.000000 -59.090908
14.500000 0.000000 -59.090908
14.600000 0.000000 -59.090908
14.700000 0.000000 -59.090908
14.800000 0.000000 -59.090908
14.900000 0.000000 -59.090908
15.000000 0.000000 -53.846153
15.100000 0.000000 -53.846153
15.200000 0.000000 -53.846153
15.300000 0.000000 -53.846153
15.400000 0.000000 -53.846153
15.500000 0.000000 -53.846153
15.600000 0.000000 -53.846153
15.700000 0.000000 -53.846153
15.800000 0.000000 -53.846153
15.900000 0.000000 -53.846153
16.000000 0.000000 -65.714287
16.100000 0.000000 -65.714287
16.200001 0.000000 -65.714287
16.299999 0.000000 -65.714287
16.400000 0.000000 -65.714287
16.500000 0.000000 -65.714287
16.600000 0.000000 -65.714287
16.700001 0.000000 -65.714287
16.799999 0.000000 -65.714287
16.900000 0.000000 -65.714287
17.000000 -2.702703 -62.162163
17.100000 -2.702703 -62.162163
17.200001 -2.702703 -62.162163
17.299999 -2.702703 -62.162163
17.400000 -2.702703 -62.162163
17.500000 -2.702703 -62.162163
17.600000 -2.702703 -62.162163
17.700001 -2.702703 -62.162163
17.799999 -2.702703 -62.162163
17.900000 -2.702703 -62.162163
18.000000 0.000000 -62.162163
18.100000 0.000000 -62.162163
18.200001 0.000000 -62.162163
18.299999 0.000000 -62.162163
18.400000 0.000000 -62.162163
18.500000 0.000000 -62.162163
18.600000 0.000000 -62.162163
18.700001 0.000000 -62.162163
18.799999 0.000000 -62.162163
18.900000 0.000000 -62.162163
19.000000 0.000000 -64.864868
19.100000 0.000000 -64.864868
19.200001 0.000000 -64.864868
19.299999 0.000000 -64.864868
19.400000 0.000000 -64.864868
19.500000 0.000000 -64.864868
19.600000 0.000000 -64.864868
19.700001 0.000000 -64.864868
19.799999 0.000000 -64.864868
19.900000 0.000000 -64.864868
20.000000 -2.325581 -62.790699
20.100000 -2.325581 -62.790699
20.200001 -2.325581 -62.790699
20.299999 -2.325581 -62.790699
20.400000 -2.325581 -62.790699
20.500000 -2.325581 -62.790699
20.600000 -2.325581 -62.790699
20.700001 -2.325581 -62.790699
20.799999 -2.325581 -62.790699
20.900000 -2.325581 -62.790699
21.000000 0.000000 -68.627449
21.100000 0.000000 -68.627449
21.200001 0.000000 -68.627449
21.299999 0.000000 -68.627449
21.400000 0.000000 -68.627449
21.500000 0.000000 -68.627449
21.600000 0.000000 -68.627449
21.700001 0.000000 -68.627449
21.799999 0.000000 -68.627449
21.900000 0.000000 -68.627449
22.000000 0.000000 -71.428574
22.100000 0.000000 -71.428574
22.200001 0.000000 -71.428574
22.299999 0.000000 -71.428574
22.400000 0.000000 -71.428574
22.500000 0.000000 -71.428574
22.600000 0.000000 -71.428574
22.700001 0.000000 -71.428574
22.799999 0.000000 -71.428574
22.900000 0.000000 -71.428574
23.000000 0.000000 -71.153847
23.100000 0.000000 -71.153847
23.200001 0.000000 -71.153847
23.299999 0.000000 -71.153847
23.400000 0.000000 -71.153847
23.500000 0.000000 -71.153847
23.600000 0.000000 -71.153847
23.700001 0.000000 -71.153847
23.799999 0.000000 -71.153847
23.900000 0.000000 -71.153847
24.000000 0.000000 -70.491806
24.100000 0.000000 -70.491806
24.200001 0.000000 -70.491806
24.299999 0.000000 -70.491806
24.400000 0.000000 -70.491806
24.500000 0.000000 -70.491806
24.600000 0.000000 -70.491806
24.700001 0.000000 -70.491806
24.799999 0.000000 -70.491806
24.900000 0.000000 -70.491806
25.000000 -1.612903 -72.580643
25.100000 -1.612903 -72.580643
25.200001 -1.612903 -72.580643
25.299999 -1.612903 -72.580643
25.400000 -1.612903 -72.580643
25.500000 -1.612903 -72.580643
25.600000 -1.612903 -72.580643
25.700001 -1.612903 -72.580643
25.799999 -1.612903 -72.580643
25.900000 -1.612903 -72.580643
26.000000 -5.797101 -73.913040
26.100000 -5.797101 -73.913040
26.200001 -5.797101 -73.913040
26.299999 -5.797101 -73.913040
26.400000 -5.797101 -73.913040
26.500000 -5.797101 -73.913040
26.600000 -5.797101 -73.913040
26.700001 -5.797101 -73.913040
26.799999 -5.797101 -73.913040
26.900000 -5.797101 -73.913040
27.000000 -4.225352 -71.830986
27.100000 -4.225352 -71.830986
27.200001 -4.225352 -71.830986
27.299999 -4.225352 -71.830986
27.400000 -4.225352 -71.830986
27.500000 -4.225352 -71.830986
27.600000 -4.225352 -71.830986
27.700001 -4.225352 -71.830986
27.799999 -4.225352 -71.830986
27.900000 -4.225352 -71.830986
28.000000 -12.658228 -75.949364
28.100000 -12.658228 -75.949364
28.200001 -12.658228 -75.949364
28.299999 -12.658228 -75.949364
28.400000 -12.658228 -75.949364
28.500000 -12.658228 -75.949364
28.600000 -12.658228 -75.949364
28.700001 -12.658228 -75.949364
28.799999 -12.658228 -75.949364
28.900000 -12.658228 -75.949364
29.000000 -4.347826 -69.565216
29.100000 -4.347826 -69.565216
29.200001 -4.347826 -69.565216
29.299999 -4.347826 -69.565216
29.400000 -4.347826 -69.565216
29.500000 -4.347826 -69.565216
29.600000 -4.347826 -69.565216
29.700001 -4.347826 -69.565216
29.799999 -4.347826 -69.565216
29.900000 -4.347826 -69.565216
30.000000 -4.545455 -77.272728
30.100000 -4.545455 -77.272728
30.200001 -4.545455 -77.272728
30.299999 -4.545455 -77.272728
30.400000 -4.545455 -77.272728
30.500000 -4.545455 -77.272728
30.600000 -4.545455 -77.272728
30.700001 -4.545455 -77.272728
30.799999 -4.545455 -77.272728
30.900000 -4.545455 -77.272728
31.000000 -11.250000 -72.500000
31.100000 -11.250000 -72.500000
31.200001 -11.250000 -72.500000
31.299999 -11.250000 -72.500000
31.400000 -11.250000 -72.500000
31.500000 -11.250000 -72.500000
31.600000 -11.250000 -72.500000
31.700001 -11.250000 -72.500000
31.799999 -11.250000 -72.500000
31.900000 -11.250000 -72.500000
32.000000 -6.382979 -74.468086
32.099998 -6.382979 -74.468086
32.200001 -6.382979 -74.468086
32.299999 -6.382979 -74.468086
32.400002 -6.382979 -74.468086
32.500000 -6.382979 -74.468086
32.599998 -15.000000 -75.000000
32.700001 -15.000000 -75.000000
32.799999 -15.000000 -75.000000
32.900002 -15.000000 -75.000000
33.000000 -18.518518 -74.074074
33.099998 -18.518518 -74.074074
33.200001 -18.518518 -74.074074
33.299999 -18.518518 -74.074074
33.400002 -18.518518 -74.074074
33.500000 -18.518518 -74.074074
33.599998 -18.518518 -74.074074
33.700001 -18.518518 -74.074074
33.799999 -18.518518 -74.074074
33.900002 -18.518518 -74.074074
34.000000 -1.265823 -70.886078
34.099998 -1.265823 -70.886078
34.200001 -1.265823 -70.886078
34.299999 -1.265823 -70.886078
34.400002 -1.265823 -70.886078
34.500000 -1.265823 -70.886078
34.599998 -1.265823 -70.886078
34.700001 -1.265823 -70.886078
34.799999 -1.265823 -70.886078
34.900002 -1.265823 -70.886078
35.000000 -12.903226 -75.268814
35.099998 -12.903226 -75.268814
35.200001 -12.903226 -75.268814
35.299999 -12.903226 -75.268814
35.400002 -12.903226 -75.268814
35.500000 -12.903226 -75.268814
35.599998 -12.903226 -75.268814
35.700001 -12.903226 -75.268814
35.799999 -12.903226 -75.268814
35.900002 -12.903226 -75.268814
36.000000 -9.677420 -75.268814
36.099998 -9.677420 -75.268814
36.200001 -9.677420 -75.268814
36.299999 -9.677420 -75.268814
36.400002 -9.677420 -75.268814
36.500000 -9.677420 -75.268814
36.599998 -9.677420 -75.268814
36.700001 -9.677420 -75.268814
36.799999 -9.677420 -75.268814
36.900002 -9.677420 -75.268814
37.000000 -7.777778 -73.333336
37.099998 -7.777778 -73.333336
37.200001 -7.777778 -73.333336
37.299999 -7.777778 -73.333336
37.400002 -7.777778 -73.333336
37.500000 -7.777778 -73.333336
37.599998 -7.777778 -73.333336
37.700001 -7.777778 -73.333336
37.799999 -7.777778 -73.333336
37.900002 -7.777778 -73.333336
38.000000 -2.970297 -76.237625
38.099998 -2.970297 -76.237625
38.200001 -2.970297 -76.237625
38.299999 -2.970297 -76.237625
38.400002 -2.970297 -76.237625
38.500000 -2.970297 -76.237625
38.599998 -2.970297 -76.237625
38.700001 -2.970297 -76.237625
38.799999 -2.970297 -76.237625
38.900002 -2.970297 -76.237625
39.000000 -4.000000 -73.000000
39.099998 -4.000000 -73.000000
39.200001 -4.000000 -73.000000
39.299999 -4.000000 -73.000000
39.400002 -4.000000 -73.000000
39.500000 -4.000000 -73.000000
39.599998 -4.000000 -73.000000
39.700001 -14.141414 -77.777779
39.799999 -14.141414 -77.777779
39.900002 -14.141414 -77.777779
40.000000 -4.629630 -76.851852
40.099998 -4.629630 -76.851852
40.200001 -4.629630 -76.851852
40.299999 -4.629630 -76.851852
40.400002 -4.629630 -76.851852
40.500000 -4.629630 -76.851852
40.599998 -4.629630 -76.851852
40.700001 -4.629630 -76.851852
40.799999 -4.629630 -76.851852
40.900002 -4.629630 -76.851852
41.000000 -4.854369 -75.728157
41.099998 -4.854369 -75.728157
41.200001 -4.854369 -75.728157
41.299999 -4.854369 -75.728157
41.400002 -4.854369 -75.728157
41.500000 -4.854369 -75.728157
41.599998 -4.854369 -75.728157
41.700001 -4.854369 -75.728157
41.799999 -4.854369 -75.728157
41.900002 -4.854369 -75.728157
42.000000 -22.608696 -77.391304
42.099998 -22.608696 -77.391304
42.200001 -22.608696 -77.391304
42.299999 -22.608696 -77.391304
42.400002 -22.608696 -77.391304
42.500000 -22.608696 -77.391304
42.599998 -22.608696 -77.391304
42.700001 -22.608696 -77.391304
42.799999 -22.608696 -77.391304
42.900002 -22.608696 -77.391304
43.000000 -10.909091 -77.272728
43.099998 -10.909091 -77.272728
43.200001 -10.909091 -77.272728
43.299999 -10.909091 -77.272728
43.400002 -10.909091 -77.272728
43.500000 -10.909091 -77.272728
43.599998 -10.909091 -77.272728
43.700001 -8.000000 -77.599998
43.799999 -8.000000 -77.599998
43.900002 -8.000000 -77.599998
44.000000 0.000000 -80.281693
44.099998 0.000000 -80.281693
44.200001 0.000000 -80.281693
44.299999 0.000000 -80.281693
44.400002 0.000000 -80.281693
44.500000 0.000000 -80.281693
44.599998 0.000000 -80.281693
44.700001 0.000000 -80.281693
44.799999 0.000000 -80.281693
44.900002 0.000000 -80.281693
45.000000 -9.929078 -78.723404
45.099998 -9.929078 -78.723404
45.200001 -9.929078 -78.723404
45.299999 -9.929078 -78.723404
45.400002 -9.929078 -78.723404
45.500000 -9.929078 -78.723404
45.599998 -1.948052 -79.870132
45.700001 -1.948052 -79.870132
45.799999 -1.948052 -79.870132
45.900002 -1.948052 -79.870132
46.000000 0.000000 -80.392159
46.099998 0.000000 -80.392159
46.200001 0.000000 -80.392159
46.299999 0.000000 -80.392159
46.400002 0.000000 -80.392159
46.500000 0.000000 -80.392159
46.599998 0.000000 -80.392159
46.700001 0.000000 -80.392159
46.799999 0.000000 -80.392159
46.900002 0.000000 -80.392159
47.000000 0.000000 -80.000000
47.099998 0.000000 -80.000000
47.200001 0.000000 -80.000000
47.299999 0.000000 -80.000000
47.400002 0.000000 -80.000000
47.500000 0.000000 -80.000000
47.599998 0.000000 -80.000000
47.700001 0.000000 -80.000000
47.799999 0.000000 -80.000000
47.900002 0.000000 -80.000000
48.000000 -4.545455 -79.220779
48.099998 -4.545455 -79.220779
48.200001 -4.545455 -79.220779
48.299999 -4.545455 -79.220779
48.400002 -4.545455 -79.220779
48.500000 -4.545455 -79.220779
48.599998 -4.545455 -79.220779
48.700001 -4.545455 -79.220779
48.799999 -3.680982 -80.368095
48.900002 -3.680982 -80.368095
49.000000 -1.197605 -77.844315
49.099998 -1.197605 -77.844315
49.200001 -1.197605 -77.844315
49.299999 -1.197605 -77.844315
49.400002 -1.197605 -77.844315
49.500000 -1.197605 -77.844315
49.599998 -1.197605 -77.844315
49.700001 -7.236842 -77.631577
49.799999 -7.236842 -77.631577
49.900002 -7.236842 -77.631577
50.000000 -7.482993 -76.870750
50.099998 -7.482993 -76.870750
50.200001 -7.482993 -76.870750
50.299999 -7.482993 -76.870750
50.400002 -7.482993 -76.870750
50.500000 -7.482993 -76.870750
50.599998 -7.482993 -76.870750
50.700001 -7.482993 -76.870750
50.799999 -7.482993 -76.870750
50.900002 -7.482993 -76.870750
51.000000 -3.048780 -79.878052
51.099998 -3.048780 -79.878052
51.200001 -3.048780 -79.878052
51.299999 -3.048780 -79.878052
51.400002 -3.048780 -79.878052
51.500000 -3.048780 -79.878052
51.599998 -3.048780 -79.878052
51.700001 -3.048780 -79.878052
51.799999 -3.048780 -79.878052
51.900002 -3.048780 -79.878052
52.000000 0.000000 -79.041916
52.099998 0.000000 -79.041916
52.200001 0.000000 -79.041916
52.299999 0.000000 -79.041916
52.400002 0.000000 -79.041916
52.500000 0.000000 -79.041916
52.599998 0.000000 -79.041916
52.700001 0.000000 -79.041916
52.799999 0.000000 -79.041916
52.900002 -9.036144 -80.722893
53.000000 0.000000 -82.914574
53.099998 0.000000 -82.914574
53.200001 0.000000 -82.914574
53.299999 0.000000 -82.914574
53.400002 0.000000 -82.914574
53.500000 -10.526316 -80.701752
53.599998 -10.526316 -80.701752
53.700001 -10.526316 -80.701752
53.799999 -10.526316 -80.701752
53.900002 -10.526316 -80.701752
54.000000 -0.543478 -79.891304
54.099998 -0.543478 -79.891304
54.200001 -16.969696 -79.393936
54.299999 -16.969696 -79.393936
54.400002 -16.969696 -79.393936
54.500000 -16.969696 -79.393936
54.599998 -16.969696 -79.393936
54.700001 -16.969696 -79.393936
54.799999 -16.969696 -79.393936
54.900002 -16.969696 -79.393936
55.000000 -15.286624 -79.617836
55.099998 -15.286624 -79.617836
55.200001 -15.286624 -79.617836
55.299999 -15.286624 -79.617836
55.400002 -15.286624 -79.617836
55.500000 -15.286624 -79.617836
55.599998 -15.286624 -79.617836
55.700001 -15.286624 -79.617836
55.799999 0.000000 -80.193237
55.900002 0.000000 -80.193237
56.000000 -12.886598 -81.443298
56.099998 -12.886598 -81.443298
56.200001 -12.037037 -83.796295
56.299999 -12.037037 -83.796295
56.400002 -12.037037 -83.796295
56.500000 -12.037037 -83.796295
56.599998 -12.037037 -83.796295
56.700001 -8.888889 -80.000000
56.799999 -8.888889 -80.000000
56.900002 -8.888889 -80.000000
57.000000 0.000000 -82.524269
57.099998 0.000000 -82.524269
57.200001 -10.555555 -81.111115
57.299999 -10.555555 -81.111115
57.400002 -10.555555 -81.111115
57.500000 -10.555555 -81.111115
57.599998 -10.555555 -81.111115
57.700001 -10.555555 -81.111115
57.799999 0.000000 -81.516586
57.900002 0.000000 -81.516586
58.000000 -19.617226 -82.775116
58.099998 -19.617226 -82.775116
58.200001 -19.617226 -82.775116
58.299999 -10.087719 -82.894737
58.400002 -10.087719 -82.894737
58.500000 -10.087719 -82.894737
58.599998 -10.087719 -82.894737
58.700001 -22.613066 -81.909546
58.799999 -22.613066 -81.909546
58.900002 -22.613066 -81.909546
59.000000 -5.853659 -82.439026
59.099998 -26.635513 -82.710281
59.200001 -26.635513 -82.710281
59.299999 -26.635513 -82.710281
59.400002 0.000000 -82.568810
59.500000 0.000000 -82.568810
59.599998 0.000000 -82.568810
59.700001 0.000000 -82.568810
59.799999 -11.538462 -79.120880
59.900002 -11.538462 -79.120880
60.000000 -8.247422 -79.381447
60.099998 -8.247422 -79.381447
60.200001 -8.247422 -79.381447
60.299999 -9.677420 -81.182793
60.400002 -9.677420 -81.182793
60.500000 -9.677420 -81.182793
60.599998 -9.677420 -81.182793
60.700001 -9.677420 -81.182793
60.799999 -13.170732 -81.463417
60.900002 -13.170732 -81.463417
61.000000 0.000000 -81.192657
61.099998 0.000000 -81.192657
61.200001 -17.972351 -82.027649
61.299999 -17.972351 -82.027649
61.400002 -17.972351 -82.027649
61.500000 -17.972351 -82.027649
61.599998 0.000000 -81.777779
61.700001 0.000000 -81.777779
61.799999 0.000000 -81.777779
61.900002 -9.803922 -79.901962
62.000000 -4.186047 -80.000000
62.099998 -4.186047 -80.000000
62.200001 -15.909091 -81.818184
62.299999 -15.909091 -81.818184
62.400002 -15.909091 -81.818184
62.500000 -18.867924 -81.603775
62.599998 -18.867924 -81.603775
62.700001 -18.867924 -81.603775
62.799999 -18.867924 -81.603775
62.900002 -9.278351 -80.927834
63.000000 -16.842106 -80.000000
63.099998 -16.842106 -80.000000
63.200001 -16.842106 -80.000000
63.299999 -6.521739 -83.043480
63.400002 -6.521739 -83.043480
63.500000 -6.521739 -83.043480
63.599998 0.000000 -82.589287
63.700001 0.000000 -82.589287
63.799999 0.000000 -82.329315
63.900002 0.000000 -82.329315
64.000000 -3.097345 -81.415932
64.099998 -3.097345 -81.415932
64.199997 -3.097345 -81.415932
64.300003 -16.740088 -82.819382
64.400002 -16.740088 -82.819382
64.500000 -12.093023 -80.930229
64.599998 -12.093023 -80.930229
64.699997 -12.093023 -80.930229
64.800003 -0.393701 -83.464569
64.900002 -0.393701 -83.464569
65.000000 -7.053942 -82.157677
65.099998 -7.053942 -82.157677
65.199997 -5.627706 -82.251083
65.300003 -5.627706 -82.251083
65.400002 -5.627706 -82.251083
65.500000 -7.659575 -82.553192
65.599998 -7.659575 -82.553192
65.699997 -2.643172 -81.497795
65.800003 -2.643172 -81.497795
65.900002 -26.576576 -81.531532
66.000000 0.000000 -82.683983
66.099998 0.000000 -82.683983
66.199997 -15.611814 -81.434601
66.300003 -15.611814 -81.434601
66.400002 -5.932203 -82.627121
66.500000 -5.932203 -82.627121
66.599998 -5.932203 -82.627121
66.699997 -1.287554 -81.974251
66.800003 -1.287554 -81.974251
66.900002 -15.966387 -81.932770
67.000000 -7.228916 -83.132530
67.099998 -10.687023 -84.351143
67.199997 -10.687023 -84.351143
67.300003 -16.528925 -81.818184
67.400002 -16.528925 -81.818184
67.500000 0.000000 -82.377052
67.599998 0.000000 -82.377052
67.699997 -19.758064 -82.661293
67.800003 -19.758064 -82.661293
67.900002 -6.521739 -82.173912
68.000000 -15.289256 -82.644630
68.099998 -15.289256 -82.644630
68.199997 -17.167381 -82.832619
68.300003 -17.167381 -82.832619
68.400002 -0.349650 -84.615387
68.500000 -0.349650 -84.615387
68.599998 -12.987013 -80.952377
68.699997 -12.987013 -80.952377
68.800003 -19.444445 -83.730156
68.900002 -19.444445 -83.730156
69.000000 -6.976744 -82.558136
69.099998 -6.976744 -82.558136
69.199997 0.000000 -82.470123
69.300003 0.000000 -82.470123
69.400002 -7.883817 -82.157677
69.500000 -7.883817 -82.157677
69.599998 -13.306452 -82.661293
69.699997 -13.306452 -82.661293
69.800003 -17.030567 -82.969429
69.900002 -17.030567 -82.969429
70.000000 -15.517241 -82.327583
70.099998 -11.152416 -82.899628
70.199997 -11.152416 -82.899628
70.300003 -6.024096 -81.927711
70.400002 -6.024096 -81.927711
70.500000 -13.709678 -82.258064
70.599998 -15.102041 -82.040817
70.699997 -15.102041 -82.040817
70.800003 -27.480917 -81.679390
70.900002 -27.480917 -81.679390
71.000000 -1.562500 -82.031250
71.099998 -11.026616 -82.889732
71.199997 -11.026616 -82.889732
71.300003 -6.451613 -82.258064
71.400002 -5.058366 -82.879379
71.500000 -5.058366 -82.879379
71.599998 -18.823530 -83.137253
71.699997 -18.823530 -83.137253
71.800003 -2.173913 -83.333336
71.900002 -6.844107 -81.368820
72.000000 0.000000 -83.141762
72.099998 -3.649635 -83.941605
72.199997 -11.985019 -83.895134
72.300003 -11.985019 -83.895134
72.400002 -15.129151 -82.287827
72.500000 -17.279411 -83.455879
72.599998 -7.885304 -83.870964
72.699997 -7.885304 -83.870964
72.800003 -6.319703 -83.271378
72.900002 -3.914591 -84.697510
73.000000 -27.573530 -83.088234
73.099998 -13.559322 -84.406776
73.199997 -7.450980 -82.352943
73.300003 -7.450980 -82.352943
73.400002 -8.108109 -83.011581
73.500000 -9.558824 -82.352943
73.599998 -9.558824 -82.352943
73.699997 -5.844156 -84.415581
73.800003 -12.110726 -83.391006
73.900002 -28.571428 -83.783783
74.000000 -19.259260 -82.222221
74.099998 -6.686930 -85.106384
74.199997 -19.928825 -83.629890
74.300003 -21.985815 -83.333336
74.400002 -10.996564 -83.848801
74.500000 -5.501618 -84.789642
74.599998 -17.602997 -83.146065
74.699997 -18.466900 -83.972122
74.800003 -18.466900 -83.972122
74.900002 -26.198084 -84.664536
75.000000 -8.000000 -85.000000
75.099998 -16.613419 -84.664536
75.199997 -18.269230 -84.935898
75.300003 -10.784314 -83.986931
75.400002 0.000000 -84.053154
75.500000 -4.347826 -82.971016
75.599998 -21.069181 -84.276726
75.699997 -5.666667 -85.000000
75.800003 -1.423488 -82.918152
75.900002 -1.423488 -82.918152
76.000000 -3.833866 -83.067093
76.099998 -17.293234 -82.330826
76.199997 -5.333333 -83.666664
76.300003 -5.610561 -83.168320
76.400002 -5.681818 -80.681816
76.500000 -28.624535 -82.899628
76.599998 -21.305841 -84.536079
76.699997 -21.305841 -84.536079
76.800003 -6.574394 -83.044983
76.900002 -15.789474 -83.508774
77.000000 -5.185185 -82.592590
77.099998 -0.355872 -82.918152
77.199997 -4.444445 -84.444443
77.300003 -4.014598 -82.116791
77.400002 -2.621723 -82.397003
77.500000 -4.832714 -82.527878
77.599998 -19.081272 -83.392227
77.699997 -14.736842 -83.859650
77.800003 -7.692307 -84.265732
77.900002 -0.709220 -83.687943
78.000000 -7.638889 -83.680557
78.099998 -27.941177 -85.000000
78.199997 -19.243986 -83.161514
78.300003 -21.527779 -84.027779
78.400002 -16.822430 -82.866043
78.500000 -29.473684 -82.807014
78.599998 0.000000 -83.904106
78.699997 -19.387754 -83.673470
78.800003 -11.627907 -84.385384
78.900002 -13.738019 -84.664536
79.000000 -20.860928 -84.105957
79.099998 -8.304499 -83.391006
79.199997 -21.122112 -84.158417
79.300003 -17.465754 -82.534248
79.400002 0.000000 -84.105957
79.500000 -2.950820 -82.950821
79.599998 0.000000 -83.774834
79.699997 -12.209302 -85.174416
79.800003 -11.000000 -83.333336
79.900002 -17.320261 -83.333336
80.000000 -15.820895 -82.388062
80.099998 -8.974359 -83.012817
80.199997 -4.601227 -82.822083
80.300003 -15.044248 -85.250740
80.400002 -12.913907 -84.105957
80.500000 -8.278146 -83.443710
80.599998 0.000000 -83.389832
80.699997 -7.266436 -82.698959
80.800003 -11.858974 -84.294868
80.900002 -0.671141 -82.214767
81.000000 -10.393258 -85.393257
81.099998 -7.773851 -81.978798
81.199997 -12.820513 -83.974358
81.300003 -12.320917 -84.813751
81.400002 -15.692307 -85.538460
81.500000 -7.973422 -83.388702
81.599998 -9.064327 -84.502922
81.699997 -16.231884 -85.507248
81.800003 -13.548388 -84.516129
81.900002 -19.141914 -84.158417
82.000000 -6.206897 -83.448273
82.099998 -3.809524 -83.492065
82.199997 -23.867069 -84.592148
82.300003 -9.657321 -83.800621
82.400002 -14.634147 -84.451218
82.500000 -13.664597 -84.782608
82.599998 -9.119497 -83.962265
82.699997 -22.424242 -84.242424
82.800003 -20.273973 -85.753426
82.900002 -15.123457 -84.567902
83.000000 -21.364985 -84.272995
83.099998 -14.670659 -84.131737
83.199997 -21.467392 -86.141304
83.300003 -11.976048 -83.832336
83.400002 0.000000 -83.018867
83.500000 -4.761905 -85.434174
83.599998 -4.953560 -83.900932
83.699997 -21.712538 -84.097862
83.800003 -8.860760 -82.911392
83.900002 -18.461538 -83.692307
84.000000 -13.855422 -84.939758
84.099998 -12.025316 -82.911392
84.199997 -3.757226 -83.526009
84.300003 -14.071856 -85.029938
84.400002 -15.306123 -82.993195
84.500000 -13.662790 -84.883720
84.599998 -12.238806 -82.388062
84.699997 -10.769231 -84.000000
84.800003 -15.895954 -84.393066
84.900002 -0.308642 -83.950615
85.000000 -11.021505 -85.752686
85.099998 -3.746398 -84.438042
85.199997 -22.222221 -84.900284
85.300003 -5.059524 -83.630951
85.400002 -2.932551 -84.457481
85.500000 -11.506849 -86.027397
85.599998 -17.101450 -84.637680
85.699997 -24.705883 -85.000000
85.800003 -0.898204 -82.934135
85.900002 -7.006370 -83.121017
86.000000 -12.290503 -84.636871
86.099998 -6.629834 -85.359116
86.199997 -7.065217 -85.054344
86.300003 -16.712328 -84.931503
86.400002 -15.317919 -84.682083
86.500000 -13.927577 -84.958214
86.599998 -21.813030 -84.135979
86.699997 -11.818182 -84.545456
86.800003 -4.225352 -84.788734
86.900002 -19.498608 -83.008354
87.000000 0.000000 -85.154060
87.099998 -30.727762 -86.253372
87.199997 -12.534819 -83.844009
87.300003 -16.981133 -83.962265
87.400002 -27.388535 -82.802551
87.500000 -13.764045 -85.112358
87.599998 -9.309309 -82.882881
87.699997 -5.367232 -84.463280
87.800003 -17.791410 -83.128838
87.900002 -15.028902 -84.104050
88.000000 -2.459016 -85.519127
88.099998 0.000000 -83.283585
88.199997 -6.043956 -84.615387
88.300003 -24.233984 -84.679665
88.400002 -22.287390 -83.870964
88.500000 -14.971751 -84.463280
88.599998 -13.802817 -84.225349
88.699997 -14.285714 -85.714287
88.800003 -14.207650 -83.879784
88.900002 -10.493827 -83.950615
89.000000 -15.945946 -85.405403
89.099998 -9.638555 -83.734940
89.199997 -22.535212 -84.225349
89.300003 -5.882353 -84.873947
89.400002 -28.877005 -85.828880
89.500000 -16.844919 -84.491982
89.599998 -11.178247 -82.779457
89.699997 -34.332424 -85.013626
89.800003 -3.867403 -85.082870
89.900002 -3.314917 -84.806633
90.000000 -16.893732 -84.741142
90.099998 -14.673913 -83.967392
90.199997 -21.008404 -84.593834
90.300003 -8.695652 -82.898552
90.400002 -14.016172 -85.175201
90.500000 -24.233984 -84.958214
90.599998 -14.361702 -85.372337
90.699997 -16.172506 -85.444740
90.800003 -11.299435 -83.898308
90.900002 -15.322580 -85.215057
91.000000 -7.356948 -85.013626
91.099998 -5.066667 -84.266670
91.199997 0.000000 -85.185188
91.300003 -15.200000 -83.733330
91.400002 -7.297297 -85.405403
91.500000 -16.321243 -85.492226
91.599998 -22.010870 -84.782608
91.699997 -19.181585 -85.933502
91.800003 -8.488064 -85.676392
91.900002 -6.176471 -83.235291
92.000000 -17.010309 -84.536079
92.099998 -8.222812 -85.145889
92.199997 -7.940447 -84.863525
92.300003 -8.928572 -86.224487
92.400002 -19.746836 -86.075951
92.500000 -11.859838 -84.366577
92.599998 -9.711287 -85.301834
92.699997 -25.661375 -84.391533
92.800003 -0.492611 -84.236450
92.900002 -8.938547 -84.078209
93.000000 -4.325700 -83.460556
93.099998 -8.354430 -84.810127
93.199997 -17.258883 -85.025383
93.300003 -16.414141 -84.848488
93.400002 0.000000 -85.969391
93.500000 -21.372032 -84.432716
93.599998 -25.194805 -85.454544
93.699997 -10.714286 -85.952377
93.800003 -5.706522 -85.054344
93.900002 -32.142857 -86.428574
94.000000 -2.127660 -84.308510
94.099998 -5.897436 -84.615387
94.199997 -15.816326 -84.438774
94.300003 -14.555256 -85.444740
94.400002 -8.355091 -84.073105
94.500000 -4.871795 -85.128204
94.599998 0.000000 -85.000000
94.699997 0.000000 -84.636116
94.800003 -14.099216 -84.856400
94.900002 -23.116882 -85.194809
95.000000 -25.581396 -84.237724
95.099998 -5.793451 -85.390427
95.199997 -6.549119 -85.138542
95.300003 -15.601023 -84.910484
95.400002 -4.087193 -85.013626
95.500000 -14.646464 -84.595963
95.599998 -12.631579 -84.736839
95.699997 -15.885417 -85.416664
95.800003 -19.014084 -86.384979
95.900002 -23.157894 -84.736839
96.000000 -5.276382 -84.673370
96.099998 -16.966581 -85.347046
96.199997 0.000000 -86.363640
96.300003 -17.209303 -86.046509
96.400002 -17.480721 -85.089973
96.500000 -22.864321 -83.668343
96.599998 -21.493212 -86.651581
96.699997 -14.814815 -83.950615
96.800003 -7.281553 -85.679611
96.900002 -5.012531 -84.210526
97.000000 -28.292683 -85.121948
97.099998 -12.826603 -85.985748
97.199997 -7.556675 -85.390427
97.300003 -0.268097 -83.378014
97.400002 -15.421687 -84.578316
97.500000 -7.838480 -85.510689
97.599998 -14.250614 -85.257988
97.699997 -4.712042 -84.293190
97.800003 -23.880596 -84.328362
97.900002 -14.393939 -84.848488
98.000000 -14.285714 -84.948982
98.099998 -17.674419 -85.581398
98.199997 -4.668304 -84.766586
98.300003 -11.989796 -84.693878
98.400002 -16.097561 -85.609756
98.500000 -14.009662 -85.265701
98.599998 -14.742015 -85.257988
98.699997 -16.627634 -85.480095
98.800003 -6.419753 -85.185188
98.900002 -26.392252 -84.987892
99.000000 -26.392252 -85.230026
99.099998 -8.235294 -85.882355
99.199997 -14.090909 -86.363640
99.300003 -6.295400 -85.472153
99.400002 0.000000 -86.352943
99.500000 0.000000 -85.813957
99.599998 -13.184079 -85.074623
99.699997 -19.168591 -85.681290
99.800003 0.000000 -85.441528
99.900002 -14.388489 -85.131897
100.000000 -17.824074 -85.185188
100.099998 -23.484848 -84.595963
100.199997 -15.725806 -87.096771
100.300003 -23.373493 -84.337349
100.400002 -12.250000 -84.500000
100.500000 0.000000 -85.483871
100.599998 -16.470589 -85.411766
100.699997 -27.272728 -85.406700
100.800003 -13.902439 -84.634148
100.900002 -29.662922 -86.067413
